OBJECTID,CityNameC,ZONE_CODE,COUNT,AREA,MIN,MAX,RANGE,MEAN,STD,SUM
1,海西蒙古族藏,1,1373880,310937359550.863708496093750,0.000000000000000,396.356353759765625,396.356353759765625,389.543369343991117,47.048887580272314,535185844.274322509765625
2,海北藏族自治,2,155810,35263014230.951812744140625,0.000000000000000,395.825805664062500,395.825805664062500,376.893918840689764,83.915251577756237,58723841.494567871093750
3,阿里地区,3,1401486,317185166308.194152832031250,0.000000000000000,396.155090332031250,396.155090332031250,385.980869733686234,59.614910048813499,540946785.199584960937500
4,那曲地区,4,1583534,358386380702.111877441406250,0.000000000000000,396.162963867187500,396.162963867187500,384.831147067168786,61.553374930331906,609393205.639862060546875
5,西宁市,5,36183,8188958628.576661109924316,395.317291259765625,395.823852539062500,0.506561279296875,395.823684539301496,0.009219975900015,14322088.377685546875000
6,海南藏族自治,6,207778,47024443687.046440124511719,0.000000000000000,395.823852539062500,395.823852539062500,380.204380134798669,75.738966181069969,78998105.695648193359375
7,海东地区,7,62381,14118105967.145915985107422,0.000000000000000,395.823852539062500,395.823852539062500,395.624599675281729,7.921847399583926,24679458.152343750000000
8,玉树藏族自治,8,940038,212749973503.853942871093750,0.000000000000000,396.162963867187500,396.162963867187500,392.362169584630692,32.714068228318631,368835349.171997070312500
9,黄南藏族自治,9,85627,19379154865.244277954101562,0.000000000000000,395.823852539062500,395.823852539062500,395.751749592744432,4.876676393354031,33887035.062377929687500
10,连云港市,10,43883,9931627324.926887512207031,0.000000000000000,398.197937011718750,398.197937011718750,381.010843654987525,80.831482529929858,16719898.852111816406250
11,果洛藏族自治,11,352041,79674133835.302658081054688,0.000000000000000,395.795318603515625,395.795318603515625,395.103204883703484,6.473147268509670,139092527.350463867187500
12,徐州市,12,64522,14602658392.975244522094727,0.000000000000000,398.197937011718750,398.197937011718750,397.878403634635731,8.142616682574024,25671910.359313964843750
13,盐城市,13,32391,7330750875.776652336120605,0.000000000000000,398.197937011718750,398.197937011718750,386.949407717602412,65.974326430394385,12533678.265380859375000
14,宿迁市,14,50713,11477397090.650531768798828,0.000000000000000,398.197937011718750,398.197937011718750,388.218058520170359,62.244429888728895,19687702.401733398437500
15,宿州市,15,58040,13135648199.502235412597656,397.855773925781250,398.197937011718750,0.342163085937500,397.964724924940640,0.159400943273469,23097872.634643554687500
16,淮安市,16,60438,13678365022.079877853393555,0.000000000000000,398.197937011718750,398.197937011718750,384.698026807261101,72.065170627912437,23250379.344177246093750
17,淮北市,17,15626,3536485850.541384220123291,397.855773925781250,397.855773925781250,0.000000000000000,397.855773925781250,0.000000000000000,6216894.323364257812500
18,亳州市,18,48987,11086767717.936182022094727,397.855773925781250,397.855773925781250,0.000000000000000,397.855773925781250,0.000367542923301,19489760.797302246093750
19,甘孜藏族自治,19,717520,162389564026.651336669921875,0.000000000000000,396.718475341796875,396.718475341796875,395.372461338364303,10.122165201219609,283687648.459503173828125
20,阿坝藏族羌族,20,405198,91704658496.586959838867188,395.768676757812500,396.376037597656250,0.607360839843750,396.087676805380397,0.270125986941816,160493934.466186523437500
21,扬州市,21,40126,9081340793.473926544189453,0.000000000000000,399.540405273437500,399.540405273437500,396.805188975162821,26.268814135954823,15922205.012817382812500
22,蚌埠市,22,34915,7901984095.203661918640137,397.855773925781250,398.197937011718750,0.342163085937500,397.953919803073632,0.154755688036944,13894561.109924316406250
23,泰州市,23,25424,5753975186.494569778442383,0.000000000000000,399.540405273437500,399.540405273437500,389.444837580993521,60.341095137071534,9901245.550659179687500
24,阜阳市,24,57848,13092194642.398437500000000,397.508392333984375,398.723297119140625,1.214904785156250,397.855881103422803,0.088302230675671,23015167.010070800781250
25,滁州市,25,80580,18236914747.000175476074219,0.000000000000000,399.540405273437500,399.540405273437500,398.549553623043266,5.994114539985599,32115123.030944824218750
26,日喀则地区,26,710694,160844699543.367370605468750,0.000000000000000,395.364715576171875,395.364715576171875,386.358985393300372,54.435814839675757,274583012.765106201171875
27,南通市,27,47730,10802282711.272254943847656,0.000000000000000,399.093597412109375,399.093597412109375,377.270126026280650,90.737774934376304,18007103.115234375000000
28,淮南市,28,12336,2791891043.919013977050781,397.855773925781250,397.855773925781250,0.000000000000000,397.855773925781250,0.000000000000000,4907948.827148437500000
29,十堰市,29,125997,28515717887.537616729736328,397.043457031250000,397.768798828125000,0.725341796875000,397.394380496840768,0.334428479372454,50070499.759460449218750
30,南京市,30,39978,9047845343.206415176391602,0.000000000000000,399.540405273437500,399.540405273437500,398.243225355671711,21.763049024473293,15920967.663269042968750
31,六安市,31,107528,24335802543.006141662597656,0.000000000000000,398.723297119140625,398.723297119140625,398.663315107403605,2.983310864571120,42867468.946868896484375
32,合肥市,32,70378,15927991884.641080856323242,0.000000000000000,399.540405273437500,399.540405273437500,391.991578725093746,52.130574173623188,27587583.327514648437500
33,镇江市,33,23540,5327587157.413553237915039,0.000000000000000,399.540405273437500,399.540405273437500,397.062372173610754,31.367717497644730,9346848.240966796875000
34,苏州市,34,54467,12327004660.273746490478516,0.000000000000000,399.540405273437500,399.540405273437500,351.184975564780757,129.717021334740480,19127992.064086914062500
35,绵阳市,35,101330,22933067402.749164581298828,396.266662597656250,396.529449462890625,0.262786865234375,396.406966695669780,0.086500037921431,40167917.935272216796875
36,上海市,36,50842,11506592449.329645156860352,0.000000000000000,399.093597412109375,399.093597412109375,346.273078609031529,135.241723072610796,17605215.862640380859375
37,常州市,37,26952,6099793078.445628166198730,0.000000000000000,399.540405273437500,399.540405273437500,396.697830200195312,33.248151888628897,10691799.919555664062500
38,无锡市,38,28816,6521654695.328332901000977,0.000000000000000,399.540405273437500,399.540405273437500,393.537195850649766,47.513393386775789,11340167.835632324218750
39,昌都地区,39,514237,116382431481.175582885742188,0.000000000000000,395.698394775390625,395.698394775390625,392.241462223661983,31.363390807484723,201705072.809509277343750
40,广元市,40,82332,18633428455.572330474853516,396.266662597656250,396.573120117187500,0.306457519531250,396.529684842851964,0.058490297346788,32647082.012481689453125
41,襄樊市,41,107549,24340555275.814369201660156,397.059448242187500,398.090515136718750,1.031066894531250,397.814172196092727,0.174891745780780,42784516.405517578125000
42,马鞍山市,42,25899,5861477476.204486846923828,0.000000000000000,399.540405273437500,399.540405273437500,398.877050030889222,16.266443444829239,10330516.718750000000000
43,巴中市,43,62994,14256840501.024187088012695,396.529449462890625,397.604431152343750,1.074981689453125,396.616404463534309,0.284933706029010,24984453.782775878906250
44,随州市,44,53606,12132142615.136404037475586,398.090515136718750,398.090515136718750,0.000000000000000,398.090515136718750,0.000155547414444,21340040.154418945312500
45,达州市,45,85831,19425324269.667064666748047,396.529449462890625,397.604431152343750,1.074981689453125,397.202949018416518,0.519998339514247,34092326.317199707031250
46,芜湖市,46,35077,7938648034.009991645812988,0.000000000000000,399.540405273437500,399.540405273437500,398.582937696978775,19.528463416780944,13981093.705596923828125
47,孝感市,47,50130,11345452175.069728851318359,398.090515136718750,398.090515136718750,0.000000000000000,398.090515136718750,0.000155191540409,19956277.523803710937500
48,宣城市,48,75423,17069779361.665353775024414,0.000000000000000,399.699523925781250,399.699523925781250,398.613398107201419,19.223100571004661,30064618.325439453125000
49,黄冈市,49,100738,22799085601.679122924804688,0.000000000000000,398.951507568359375,398.951507568359375,398.447100755312533,7.945937506684218,40138764.035888671875000
50,神农架林区,50,17346,3925757299.596240043640137,397.604431152343750,397.768798828125000,0.164367675781250,397.767623825715418,0.013845700038315,6899677.202880859375000
51,拉萨市,51,133928,30310666644.778350830078125,0.000000000000000,394.147033691406250,394.147033691406250,387.208763137369829,50.121210235944254,51858095.229461669921875
52,安庆市,52,90520,20486541609.561378479003906,0.000000000000000,399.540405273437500,399.540405273437500,395.796145198011232,34.229930756708704,35827467.063323974609375
53,荆门市,53,68316,15461318786.995084762573242,397.768798828125000,398.090515136718750,0.321716308593750,397.947570924073773,0.159857414078993,27186186.255249023437500
54,南充市,54,63586,14390822302.094230651855469,396.529449462890625,396.529449462890625,0.000000000000000,396.529449462890625,0.000000000000000,25213721.573547363281250
55,铜陵市,55,6357,1438720117.233558177947998,0.000000000000000,399.540405273437500,399.540405273437500,398.283395975739097,22.375118588457109,2531887.548217773437500
56,武汉市,56,48869,11060061885.966138839721680,0.000000000000000,398.723297119140625,398.723297119140625,397.523423466747488,15.055950309525587,19426572.181396484375000
57,宜昌市,57,115213,26075076430.207633972167969,397.768798828125000,398.543060302734375,0.774261474609375,397.768986995443697,0.012065117366602,45828158.298706054687500
58,德阳市,58,29519,6680758084.099009513854980,396.376037597656250,396.529449462890625,0.153411865234375,396.384212565101393,0.034456699052339,11700865.570709228515625
59,池州市,59,50535,11437112022.085552215576172,0.000000000000000,399.540405273437500,399.540405273437500,398.279581494971580,17.738663927604687,20127058.650848388671875
60,恩施土家族苗,60,128224,29019733885.819686889648438,397.216094970703125,398.543060302734375,1.326965332031250,397.591702516459179,0.314495893542089,50980798.463470458984375
61,成都市,61,60246,13634911464.976079940795898,396.376037597656250,396.376037597656250,0.000000000000000,396.376037597656250,0.000000000000000,23880070.761108398437500
62,黄山市,62,58846,13318062611.094221115112305,398.723297119140625,399.699523925781250,0.976226806640625,399.587271823875938,0.200968009269016,23514112.597747802734375
63,林芝地区,63,531234,120229202887.911285400390625,0.000000000000000,395.698394775390625,395.698394775390625,390.829801390964576,35.147805660066687,207622078.712127685546875
64,天门市,64,39879,9025439602.824769973754883,397.768798828125000,398.090515136718750,0.321716308593750,398.090482867473440,0.003225733199894,15875450.366271972656250
65,遂宁市,65,26950,6099340437.225796699523926,396.529449462890625,396.529449462890625,0.000000000000000,396.529449462890625,0.000241526692625,10686468.663024902343750
66,鄂州市,66,9155,2071965183.777446031570435,0.000000000000000,398.723297119140625,398.723297119140625,396.007796999537049,29.049935277535880,3625451.381530761718750
67,雅安市,67,74058,16760851729.130540847778320,395.768676757812500,397.239501953125000,1.470825195312500,396.655997920716914,0.421426147118623,29375549.894012451171875
68,荆州市,68,78334,17728598657.129707336425781,0.000000000000000,398.543060302734375,398.543060302734375,398.130826590050049,1.456784861248539,31187180.170104980468750
69,广安市,69,32562,7369451700.072222709655762,396.529449462890625,396.529449462890625,0.000000000000000,396.529449462890625,0.000000000000000,12911791.933410644531250
70,黄石市,70,26450,5986180132.267990112304688,0.000000000000000,398.951507568359375,398.951507568359375,398.449672466198763,7.359102436825656,10538993.836730957031250
71,九江市,71,111603,25258059028.412265777587891,0.000000000000000,398.951507568359375,398.951507568359375,397.747261670892271,20.303147228867523,44389787.644256591796875
72,资阳市,72,40105,9076588060.665699005126953,396.376037597656250,397.239501953125000,0.863464355468750,396.499534734962083,0.180911462330292,15901613.840545654296875
73,咸宁市,73,55705,12607189575.349277496337891,398.090515136718750,398.436645507812500,0.346130371093750,398.407155610295035,0.096632479690245,22193270.603271484375000
74,景德镇市,74,31748,7185226723.600913047790527,398.951507568359375,399.699523925781250,0.748016357421875,398.992857218960239,0.170939646021407,12667225.230987548828125
75,山南地区,75,309871,70130193715.161224365234375,0.000000000000000,393.802307128906250,393.802307128906250,388.402478989402198,44.997949848714079,120354664.566925048828125
76,眉山市,76,35560,8047960888.599233627319336,396.376037597656250,397.239501953125000,0.863464355468750,396.822606016144050,0.431477282669004,14111011.869934082031250
77,上饶市,77,137831,31193995985.278991699218750,0.000000000000000,399.699523925781250,399.699523925781250,399.092576858163284,10.867033366192823,55007328.960937500000000
78,常德市,78,100031,22639076930.468780517578125,397.768798828125000,398.543060302734375,0.774261474609375,398.503623905886059,0.170231589362218,39862716.002929687500000
79,岳阳市,79,84089,19031073767.194065093994141,0.000000000000000,398.543060302734375,398.543060302734375,398.411005035633764,3.365568161723355,33501983.002441406250000
80,内江市,80,27157,6146188803.478328704833984,396.376037597656250,397.239501953125000,0.863464355468750,397.048625198894115,0.223174006904586,10782649.514526367187500
81,乐山市,81,63306,14327452531.317859649658203,397.239501953125000,397.239501953125000,0.000000000000000,397.239501953125000,0.000464136395711,25147643.910644531250000
82,重庆市,82,429570,97220544401.450302124023438,396.529449462890625,399.699523925781250,3.170074462890625,397.215524368362480,0.374595466198651,170631872.802917480468750
83,张家界市,83,51654,11690364784.581125259399414,397.216094970703125,398.543060302734375,1.326965332031250,398.403309433368008,0.407325712876934,20579124.545471191406250
84,益阳市,84,68443,15490061504.454368591308594,398.436645507812500,398.543060302734375,0.106414794921875,398.525020023005595,0.039928498745007,27276247.945434570312500
85,湘西土家族苗,85,83135,18815163905.334568023681641,397.216094970703125,398.543060302734375,1.326965332031250,397.478567069336918,0.528582848870602,33044380.673309326171875
86,南昌市,86,42668,9656647783.879417419433594,0.000000000000000,398.951507568359375,398.951507568359375,398.895406765757627,4.730576338288432,17020069.215881347656250
87,自贡市,87,22030,4985843036.440976142883301,396.828277587890625,397.239501953125000,0.411224365234375,397.150630450497658,0.169257023922020,8749228.388824462890625
88,宜春市,88,108925,24651972435.058254241943359,398.436645507812500,398.951507568359375,0.514862060546875,398.700464750845470,0.257351782241752,43428448.122985839843750
89,迪庆藏族自治,89,111119,25148519853.213111877441406,0.000000000000000,396.718475341796875,396.718475341796875,395.793030876021191,7.330466364196690,43980125.797912597656250
90,泸州市,90,62262,14091173814.565958023071289,396.828277587890625,396.828277587890625,0.000000000000000,396.828277587890625,0.000309257297920,24707322.219177246093750
91,凉山彝族自治,91,296299,67058570397.386505126953125,0.000000000000000,397.239501953125000,397.239501953125000,396.773055333145805,0.800244344839609,117563459.522155761718750
92,鹰潭市,92,21564,4880377632.220299720764160,398.951507568359375,398.951507568359375,0.000000000000000,398.951507568359375,0.000000000000000,8602990.309204101562500
93,宜宾市,93,66888,15138132956.035587310791016,396.828277587890625,397.239501953125000,0.411224365234375,397.166562623661719,0.157081120560901,26565677.040771484375000
94,怀化市,94,149349,33800756770.287033081054688,396.584747314453125,398.543060302734375,1.958312988281250,397.579778241964675,0.891201842140014,59378142.300659179687500
95,抚州市,95,112982,25570155149.485900878906250,397.876617431640625,398.951507568359375,1.074890136718750,398.466807104609302,0.534850601312213,45019576.800292968750000
96,长沙市,96,66971,15156917566.658584594726562,398.436645507812500,398.543060302734375,0.106414794921875,398.453561664159849,0.038910648532116,26684833.478210449218750
97,昭通市,97,112488,25458352768.187583923339844,395.859130859375000,397.239501953125000,1.380371093750000,396.857169964991556,0.508594369402663,44641669.335021972656250
98,怒江傈僳族自,98,69626,15757798785.984539031982422,395.698394775390625,396.458984375000000,0.760589599609375,396.225113942431165,0.350975848341743,27587569.783355712890625
99,新余市,99,18463,4178557420.871981143951416,398.436645507812500,398.951507568359375,0.514862060546875,398.569244169888009,0.225139201404418,7358783.955108642578125
100,吉安市,100,148343,33573078236.711925506591797,397.560089111328125,398.951507568359375,1.391418457031250,397.833810917943481,0.434562676384393,59015861.013000488281250
101,娄底市,101,44971,10177864148.515075683593750,397.337951660156250,398.543060302734375,1.205108642578125,398.412689293131507,0.374215061113957,17917017.050201416015625
102,萍乡市,102,22058,4992180013.518612861633301,397.560089111328125,398.436645507812500,0.876556396484375,398.113371127297455,0.422920638321325,8781584.740325927734375
103,湘潭市,103,28219,6386541291.208710670471191,397.337951660156250,398.543060302734375,1.205108642578125,398.434201379540298,0.200787242026251,11243414.728729248046875
104,株洲市,104,64540,14606732163.953725814819336,397.560089111328125,398.436645507812500,0.876556396484375,397.822213971138297,0.401319989730103,25675445.689697265625000
105,丽江市,105,99620,22546059159.793464660644531,395.698394775390625,396.718475341796875,1.020080566406250,396.544233150057153,0.092319008915090,39503736.506408691406250
106,邵阳市,106,114554,25925931148.273242950439453,396.584747314453125,398.543060302734375,1.958312988281250,397.418971268985047,0.343526404439646,45525932.834747314453125
107,衡阳市,107,86552,19588501429.416221618652344,397.337951660156250,398.436645507812500,1.098693847656250,397.469417015278054,0.111798465697344,34401772.981506347656250
108,赣州市,108,233791,52911721712.781311035156250,396.650451660156250,397.876617431640625,1.226165771484375,397.630595737225576,0.401936523418445,92962454.608001708984375
109,攀枝花市,109,36310,8217701346.035943984985352,396.541442871093750,396.541442871093750,0.000000000000000,396.541442871093750,0.000224270064552,14398419.790649414062500
110,郴州市,110,110887,25096013471.712688446044922,396.650451660156250,397.560089111328125,0.909637451171875,397.533540998323986,0.092730296132248,44081301.760681152343750
111,曲靖市,111,145345,32894569048.184913635253906,395.855712890625000,396.125732421875000,0.270019531250000,396.083694498636305,0.097897798121448,57568784.576904296875000
112,永州市,112,124712,28224895903.796051025390625,396.350921630859375,397.337951660156250,0.987030029296875,397.266832186142040,0.255223721787937,49543941.175598144531250
113,大理白族自治,113,136828,30966996413.533630371093750,396.458984375000000,396.892883300781250,0.433898925781250,396.520971067319692,0.093291652363900,54255171.429199218750000
114,昆明市,114,104707,23697352102.434192657470703,0.000000000000000,396.892883300781250,396.892883300781250,396.064451039917287,6.126222772205988,41470720.475036621093750
115,楚雄彝族自治,115,139721,31621741938.019500732421875,396.541442871093750,396.892883300781250,0.351440429687500,396.634758038470011,0.155199482034383,55418205.027893066406250
116,保山市,116,48155,10898468970.486391067504883,396.458984375000000,396.541442871093750,0.082458496093750,396.459196707125727,0.004178954073477,19091492.617431640625000
117,德宏傣族景颇,117,7477,1692199200.339045763015747,396.458984375000000,396.458984375000000,0.000000000000000,396.458984375000000,0.000000000000000,2964323.826171875000000
118,临沧市,118,32207,7289107883.552179336547852,396.458984375000000,396.892883300781250,0.433898925781250,396.885324469917634,0.054602992483909,12782485.645202636718750
119,玉溪市,119,74064,16762209652.790033340454102,395.855712890625000,396.892883300781250,1.037170410156250,396.605891369671099,0.463999054104705,29374218.738403320312500
120,思茅市,120,170900,38678192234.578430175781250,396.892883300781250,396.892883300781250,0.000000000000000,396.892883300781250,0.000564359417633,67828993.756103515625000
121,红河哈尼族彝,121,161051,36449160547.519546508789062,395.855712890625000,396.892883300781250,1.037170410156250,396.067511520273456,0.418098017035884,63787068.797851562500000
122,文山壮族苗族,122,160284,36275572639.714271545410156,395.585754394531250,395.855712890625000,0.269958496093750,395.771107907381008,0.125227282738373,63435776.259826660156250
123,西双版纳傣族,123,4813,1089281095.523850202560425,396.892883300781250,396.892883300781250,0.000000000000000,396.892883300781250,0.000125212871131,1910245.447326660156250