OBJECTID,CityNameC,ZONE_CODE,COUNT,AREA,MIN,MAX,RANGE,MEAN,STD,SUM
1,海西蒙古族藏,1,1477683,300109158319.089111328125000,0.000000000000000,415.343109130859375,415.343109130859375,408.278496055293715,48.662102253031421,603306192.886474609375000
2,海北藏族自治,2,161804,32861488054.381011962890625,0.000000000000000,414.125396728515625,414.125396728515625,409.094063722755209,43.851961067831461,66193055.886596679687500
3,阿里地区,3,1560721,316973712007.871154785156250,0.000000000000000,417.297760009765625,417.297760009765625,406.017014860427764,60.056733966584481,633679281.449981689453125
4,那曲地区,4,1737745,352926296995.502807617187500,0.000000000000000,415.514862060546875,415.514862060546875,405.271421754224662,59.043189421239546,704258386.796295166015625
5,西宁市,5,37198,7554705895.075924873352051,413.872772216796875,414.077148437500000,0.204376220703125,413.872838148154699,0.003654049996142,15395241.833435058593750
6,海南藏族自治,6,215116,43688857286.014106750488281,0.000000000000000,415.027984619140625,415.027984619140625,406.393801856389871,55.093224101388145,87421809.080139160156250
7,海东地区,7,63559,12908477659.689517974853516,0.000000000000000,414.125396728515625,414.125396728515625,413.919945454953449,3.673261647425313,26308337.813171386718750
8,玉树藏族自治,8,1009021,204926525537.808593750000000,0.000000000000000,415.241790771484375,415.241790771484375,410.613051825104606,37.330999475038183,414317192.165618896484375
9,黄南藏族自治,9,87504,17771573327.671478271484375,413.872772216796875,415.027984619140625,1.155212402343750,414.358995392632494,0.570331754696154,36258069.532836914062500
10,连云港市,10,36165,7344909368.660164833068848,0.000000000000000,417.704956054687500,417.704956054687500,399.662022063420011,84.771665960691180,14453777.027923583984375
11,果洛藏族自治,11,365452,74221258636.681732177734375,0.000000000000000,415.027984619140625,415.027984619140625,412.953737279558084,23.066549353040241,150914769.196289062500000
12,徐州市,12,54496,11067833014.088327407836914,0.000000000000000,417.914215087890625,417.914215087890625,417.761050916460078,4.003110079026275,22766306.230743408203125
13,盐城市,13,26261,5333462323.527847290039062,0.000000000000000,417.704956054687500,417.704956054687500,406.045928112564752,68.804802315333220,10663172.118164062500000
14,宿迁市,14,41977,8525294084.563742637634277,0.000000000000000,417.704956054687500,417.704956054687500,407.097397554692350,65.713845268162714,17088727.457153320312500
15,宿州市,15,49040,9959749908.450006484985352,417.704956054687500,417.914215087890625,0.209259033203125,417.848266915823842,0.097217834096506,20491279.009552001953125
16,淮安市,16,49487,10050533110.103292465209961,0.000000000000000,417.704956054687500,417.704956054687500,405.862652958021158,69.327833892008087,20084925.106933593750000
17,淮北市,17,13305,2702171136.458550930023193,417.914215087890625,417.914215087890625,0.000000000000000,417.914215087890625,0.000000000000000,5560348.631744384765625
18,亳州市,18,41913,8512296042.268864631652832,417.914215087890625,417.914215087890625,0.000000000000000,417.914215087890625,0.000418110511700,17516038.496978759765625
19,甘孜藏族自治,19,737082,149697234543.640869140625000,0.000000000000000,417.433135986328125,417.433135986328125,415.539319000690909,5.077294054726829,306286552.327667236328125
20,阿坝藏族羌族,20,407871,82836320450.844467163085938,415.027984619140625,415.920471191406250,0.892486572265625,415.529706975564750,0.355108968337907,169482517.113830566406250
21,扬州市,21,32427,6585742460.874966621398926,0.000000000000000,418.749359130859375,418.749359130859375,417.857572338791158,6.977304607755790,13549867.498229980468750
22,蚌埠市,22,29326,5955946692.805972099304199,417.704956054687500,417.914215087890625,0.209259033203125,417.854568485607842,0.094466557265060,12254003.075408935546875
23,泰州市,23,20302,4123222729.228222370147705,0.000000000000000,418.749359130859375,418.749359130859375,408.974154330582337,60.801189885212104,8302993.281219482421875
24,阜阳市,24,49703,10094401502.848505020141602,417.914215087890625,418.303924560546875,0.389709472656250,417.924010357976556,0.060045297199214,20772077.086822509765625
25,滁州市,25,66480,13501716433.804168701171875,0.000000000000000,418.749359130859375,418.749359130859375,417.997300790908412,6.298091243549972,27788460.556579589843750
26,日喀则地区,26,785703,159571887893.941589355468750,0.000000000000000,414.522796630859375,414.522796630859375,407.105050337656849,51.515909987009344,319863659.365447998046875
27,南通市,27,37263,7567907031.781660079956055,0.000000000000000,418.071258544921875,418.071258544921875,395.733285870608483,94.020632448455913,14746209.431396484375000
28,淮南市,28,10406,2113400439.382764339447021,417.914215087890625,417.914215087890625,0.000000000000000,417.914215087890625,0.000000000000000,4348815.322204589843750
29,十堰市,29,116245,23608709790.125835418701172,415.833129882812500,417.199279785156250,1.366149902343750,416.932572065746626,0.348148051300184,48466326.839782714843750
30,南京市,30,32416,6583508422.355534553527832,417.704956054687500,418.749359130859375,1.044403076171875,418.664881562198161,0.284766879678620,13571440.800720214843750
31,六安市,31,90753,18431427068.547378540039062,417.914215087890625,418.303924560546875,0.389709472656250,418.286915324255062,0.079619783906450,37960792.426422119140625
32,合肥市,32,58460,11872899258.727312088012695,0.000000000000000,418.749359130859375,418.749359130859375,418.327927231372655,6.243016028820530,24455450.625946044921875
33,镇江市,33,18924,3843358631.066637992858887,0.000000000000000,418.749359130859375,418.749359130859375,418.461695757962445,10.971604388916720,7918969.130523681640625
34,苏州市,34,42581,8647963108.721651077270508,0.000000000000000,418.749359130859375,418.749359130859375,396.921081316493201,91.642633035453386,16901296.563537597656250
35,绵阳市,35,99760,20260698427.140552520751953,415.231231689453125,417.016326904296875,1.785095214843750,416.072352211591976,0.632725646336506,41507377.856628417968750
36,上海市,36,39107,7942413125.402822494506836,0.000000000000000,418.071258544921875,418.071258544921875,364.009674826874743,140.281643524282686,14235326.353454589843750
37,常州市,37,21495,4365514361.381175994873047,0.000000000000000,418.749359130859375,418.749359130859375,418.431511707221603,9.891869815198847,8994185.344146728515625
38,无锡市,38,22797,4629943284.317593574523926,0.000000000000000,418.749359130859375,418.749359130859375,415.298252023217572,35.569775467576818,9467554.251373291015625
39,昌都地区,39,540786,109830614069.964218139648438,0.000000000000000,415.971099853515625,415.971099853515625,412.883888338503368,27.853882107919077,223281826.439025878906250
40,广元市,40,80225,16293249111.040002822875977,415.053802490234375,417.016326904296875,1.962524414062500,416.377769363797995,0.904962377366299,33403906.547210693359375
41,襄樊市,41,96991,19698330003.476234436035156,416.913848876953125,417.542480468750000,0.628631591796875,417.042559999903972,0.248839858528753,40449374.936950683593750
42,马鞍山市,42,21125,4290369429.363914966583252,418.749359130859375,418.749359130859375,0.000000000000000,418.749359130859375,0.000118394761447,8846080.211639404296875
43,巴中市,43,60480,12283149968.659387588500977,415.053802490234375,417.016326904296875,1.962524414062500,416.791902248443137,0.599113825089229,25207574.247985839843750
44,随州市,44,47310,9608396577.666595458984375,417.542480468750000,417.542480468750000,0.000000000000000,417.542480468750000,0.000000000000000,19753934.750976562500000
45,达州市,45,81610,16574534870.077590942382812,416.778930664062500,417.016326904296875,0.237396240234375,416.867969525934029,0.114934076488235,34020594.993011474609375
46,芜湖市,46,28623,5813171321.973176002502441,418.303924560546875,418.749359130859375,0.445434570312500,418.748938953610377,0.013673435814180,11985850.879669189453125
47,孝感市,47,43763,8888020702.355171203613281,417.542480468750000,417.542480468750000,0.000000000000000,417.542480468750000,0.000000000000000,18272911.572753906250000
48,宣城市,48,60530,12293304689.202260971069336,417.758300781250000,418.749359130859375,0.991058349609375,418.749228146772225,0.011382832432919,25346890.779724121093750
49,黄冈市,49,85750,17415345731.027488708496094,417.542480468750000,418.303924560546875,0.761444091796875,418.111741009859600,0.316031992882335,35853081.791595458984375
50,神农架林区,50,15911,3231435171.153100490570068,416.778930664062500,416.913848876953125,0.134918212890625,416.912899166699617,0.011278148523481,6633501.138641357421875
51,拉萨市,51,145889,29629240505.584484100341797,0.000000000000000,413.947357177734375,413.947357177734375,410.363944848397011,36.240689240493658,59867585.549987792968750
52,安庆市,52,75579,15349672478.196228027343750,0.000000000000000,418.749359130859375,418.749359130859375,418.253928993528064,4.565800545086162,31611213.699401855468750
53,荆门市,53,60737,12335345232.249755859375000,416.913848876953125,417.542480468750000,0.628631591796875,417.261942093531388,0.312495434011991,25343238.576934814453125
54,南充市,54,61447,12479542263.958555221557617,417.016326904296875,417.016326904296875,0.000000000000000,417.016326904296875,0.000519546549127,25624402.239288330078125
55,铜陵市,55,5209,1057918786.156527042388916,418.749359130859375,418.749359130859375,0.000000000000000,418.749359130859375,0.000000000000000,2181265.411712646484375
56,武汉市,56,42217,8574036743.169533729553223,417.542480468750000,418.303924560546875,0.761444091796875,417.546141864648234,0.052672318240113,17627545.471099853515625
57,宜昌市,57,104503,21223975217.837501525878906,416.913848876953125,416.938598632812500,0.024749755859375,416.913854087278480,0.000221742764612,43568748.493682861328125
58,德阳市,58,29069,5903751429.215604782104492,415.783660888671875,417.016326904296875,1.232666015625000,415.849897233795787,0.277956833672201,12088340.662689208984375
59,池州市,59,41485,8425371634.421870231628418,417.864288330078125,418.749359130859375,0.885070800781250,418.409755304857697,0.304043800544681,17357728.698822021484375
60,恩施土家族苗,60,118484,24063438176.035697937011719,416.390228271484375,416.938598632812500,0.548370361328125,416.712627139541723,0.204341337453574,49373778.914001464843750
61,成都市,61,59671,12118846590.275699615478516,415.783660888671875,415.783660888671875,0.000000000000000,415.783660888671875,0.000000000000000,24810226.828887939453125
62,黄山市,62,47600,9667293956.815259933471680,417.758300781250000,418.749359130859375,0.991058349609375,418.145674848796943,0.474239171702348,19903734.122802734375000
63,林芝地区,63,564602,114667510558.945571899414062,0.000000000000000,415.971099853515625,415.971099853515625,412.605172695569479,29.641120389045557,232957705.714263916015625
64,天门市,64,35077,7123942649.647244453430176,416.913848876953125,417.542480468750000,0.628631591796875,417.542390861373121,0.007494488512524,14646134.444244384765625
65,遂宁市,65,26249,5331025190.597558021545410,417.016326904296875,417.016326904296875,0.000000000000000,417.016326904296875,0.000117034616676,10946261.564910888671875
66,鄂州市,66,7858,1595915880.517947673797607,417.542480468750000,418.303924560546875,0.761444091796875,417.600523865414061,0.202058819737009,3281504.916534423828125
67,雅安市,67,74078,15044827767.499176025390625,415.783660888671875,417.433135986328125,1.649475097656250,416.332080060904843,0.655574861513286,30841047.826751708984375
68,荆州市,68,69267,14067740556.863920211791992,416.913848876953125,417.542480468750000,0.628631591796875,417.147026773877087,0.253264230032337,28894523.103546142578125
69,广安市,69,31218,6340201318.148293495178223,417.016326904296875,417.016326904296875,0.000000000000000,417.016326904296875,0.000291367950157,13018415.693298339843750
70,黄石市,70,22524,4574498510.153506278991699,417.266204833984375,418.303924560546875,1.037719726562500,417.745291090545095,0.350158858077005,9409294.936523437500000
71,九江市,71,94006,19092093187.066707611083984,417.266204833984375,418.303924560546875,1.037719726562500,417.677563566031722,0.289154132284516,39264197.040588378906250
72,资阳市,72,39202,7961707094.434281349182129,415.783660888671875,417.016326904296875,1.232666015625000,416.305744101664118,0.578108608725620,16320017.780273437500000
73,咸宁市,73,48017,9751984326.142822265625000,417.266204833984375,417.542480468750000,0.276275634765625,417.289852559974918,0.077291244750349,20037006.850372314453125
74,景德镇市,74,25907,5261566902.084304809570312,417.758300781250000,417.864288330078125,0.105987548828125,417.858483090884590,0.024117230374346,10825459.721435546875000
75,山南地区,75,335446,68127207744.492675781250000,0.000000000000000,414.447814941406250,414.447814941406250,409.945837313896732,40.857103887462628,137514691.343597412109375
76,眉山市,76,35185,7145876846.019850730895996,415.783660888671875,416.304901123046875,0.521240234375000,416.053399191570861,0.260460739993761,14638838.850555419921875
77,上饶市,77,111670,22679552860.452941894531250,0.000000000000000,417.864288330078125,417.864288330078125,417.799204193276466,1.251357410526901,46655637.132263183593750
78,常德市,78,89577,18192588041.379001617431641,416.913848876953125,416.938598632812500,0.024749755859375,416.937323527335764,0.005495512306452,37347994.629608154296875
79,岳阳市,79,73245,14875650123.254909515380859,416.938598632812500,417.266204833984375,0.327606201171875,417.257465090423864,0.052791269530041,30562023.030548095703125
80,内江市,80,26506,5383220454.187925338745117,415.783660888671875,417.016326904296875,1.232666015625000,416.503043447396806,0.260892627701232,11039829.669616699218750
81,乐山市,81,62646,12723052462.576654434204102,416.304901123046875,416.304901123046875,0.000000000000000,416.304901123046875,0.000257452778161,26079836.835754394531250
82,重庆市,82,405318,82317820419.925369262695312,416.390228271484375,417.758300781250000,1.368072509765625,416.710314005530222,0.188695538750926,168900191.052093505859375
83,张家界市,83,46915,9528174285.377897262573242,416.390228271484375,416.938598632812500,0.548370361328125,416.880412814658598,0.168883724725224,19557944.567199707031250
84,益阳市,84,60677,12323159567.598308563232422,416.938598632812500,417.266204833984375,0.327606201171875,416.993735085279923,0.122568530527392,25301928.863769531250000
85,湘西土家族苗,85,76126,15460765120.935260772705078,416.390228271484375,416.938598632812500,0.548370361328125,416.498092835372233,0.217979104584195,31706333.815185546875000
86,南昌市,86,35472,7204164941.935942649841309,417.864288330078125,417.864288330078125,0.000000000000000,417.864288330078125,0.000000000000000,14822482.035644531250000
87,自贡市,87,21545,4375669081.924049377441406,416.304901123046875,416.794311523437500,0.489410400390625,416.410892718694242,0.201591578358167,8971572.683624267578125
88,宜春市,88,91886,18661533036.048885345458984,417.266204833984375,417.864288330078125,0.598083496093750,417.570317072023840,0.298998591955138,38368866.154479980468750
89,迪庆藏族自治,89,114213,23196021947.263469696044922,0.000000000000000,417.433135986328125,417.433135986328125,416.017146214950969,4.459176084898080,47514566.320648193359375
90,泸州市,90,60026,12190945106.130100250244141,416.794311523437500,416.794311523437500,0.000000000000000,416.794311523437500,0.000283085666571,25018495.343505859375000
91,凉山彝族自治,91,296817,60281873747.479721069335938,416.304901123046875,417.433135986328125,1.128234863281250,416.907423286069275,0.525540087858339,123745210.657501220703125
92,鹰潭市,92,17534,3561057399.974763870239258,417.864288330078125,417.864288330078125,0.000000000000000,417.864288330078125,0.000122188607828,7326832.431579589843750
93,宜宾市,93,65283,13258612424.007785797119141,416.304901123046875,416.794311523437500,0.489410400390625,416.391728493990684,0.186963383557050,27183301.211273193359375
94,怀化市,94,135443,27507716289.767417907714844,415.999237060546875,416.938598632812500,0.939361572265625,416.518188232544446,0.429239452601615,56414472.968780517578125
95,抚州市,95,92464,18778921605.524497985839844,417.490783691406250,417.864288330078125,0.373504638671875,417.696174079642844,0.185820745252510,38621859.040100097656250
96,长沙市,96,58188,11817657578.974082946777344,416.938598632812500,417.266204833984375,0.327606201171875,417.213315361003538,0.120538597186217,24276808.394226074218750
97,昭通市,97,110347,22410858954.888515472412109,416.304901123046875,416.810516357421875,0.505615234375000,416.486962343699759,0.226582170847395,45958086.833740234375000
98,怒江傈僳族自,98,71787,14579538472.224727630615234,415.713745117187500,415.971099853515625,0.257354736328125,415.793238394846981,0.118906078602230,29848549.204650878906250
99,新余市,99,15580,3164210921.159280300140381,417.266204833984375,417.864288330078125,0.598083496093750,417.419526110197353,0.261135051045240,6503396.216796875000000
100,吉安市,100,124472,25279567508.250186920166016,417.266204833984375,418.009765625000000,0.743560791015625,417.814847676350553,0.255583130795246,52006249.719970703125000
101,娄底市,101,39888,8101029860.282501220703125,416.761810302734375,418.009765625000000,1.247955322265625,416.920075780361287,0.058027295229081,16630107.982727050781250
102,萍乡市,102,18863,3830969872.004332542419434,417.266204833984375,418.009765625000000,0.743560791015625,417.540521726561281,0.358777791077070,7876066.861328125000000
103,湘潭市,103,24678,5011963871.140482902526855,416.761810302734375,418.009765625000000,1.247955322265625,417.180767161657400,0.240571348215648,10295186.972015380859375
104,株洲市,104,55401,11251633455.914331436157227,417.266204833984375,418.009765625000000,0.743560791015625,417.786070606789906,0.341015227463814,23145766.097686767578125
105,丽江市,105,101217,20556606983.759876251220703,415.713745117187500,417.433135986328125,1.719390869140625,416.387531070179136,0.449117108406638,42145496.732330322265625
106,邵阳市,106,102412,20799304804.734546661376953,415.999237060546875,416.938598632812500,0.939361572265625,416.761533246619365,0.115250018829115,42681382.142852783203125
107,衡阳市,107,75335,15300117441.947008132934570,416.761810302734375,418.009765625000000,1.247955322265625,417.493911934974960,0.614351904012109,31451903.855621337890625
108,赣州市,108,193214,39240683499.413940429687500,416.674926757812500,418.009765625000000,1.334838867187500,417.524118948892465,0.392492806753989,80671505.118591308593750
109,攀枝花市,109,36404,7393448932.855098724365234,416.373199462890625,416.373199462890625,0.000000000000000,416.373199462890625,0.000000000000000,15157649.953247070312500
110,郴州市,110,95108,19315903227.831630706787109,416.732055664062500,418.009765625000000,1.277709960937500,417.880200406703580,0.380933986124450,39743750.100280761718750
111,曲靖市,111,141991,28837578492.062088012695312,416.761291503906250,417.078948974609375,0.317657470703125,416.810522584047192,0.114955748459205,59183342.912231445312500
112,永州市,112,109457,22230104929.225376129150391,416.265289306640625,416.761810302734375,0.496520996093750,416.726228195666238,0.128066400905402,45613602.759613037109375
113,大理白族自治,113,139318,28294707131.840091705322266,415.713745117187500,417.316131591796875,1.602386474609375,416.116901787668439,0.420288401529146,57972574.523254394531250
114,昆明市,114,103489,21018037485.228031158447266,416.373199462890625,417.316131591796875,0.942932128906250,416.820682155219629,0.228284035758737,43136355.575561523437500
115,楚雄彝族自治,115,140010,28435248464.153453826904297,416.373199462890625,417.316131591796875,0.942932128906250,416.623455980125300,0.416349203729252,58331450.071777343750000
116,保山市,116,49562,10065765190.917602539062500,415.713745117187500,416.373199462890625,0.659454345703125,415.715421628376703,0.033206894017787,20603687.726745605468750
117,德宏傣族景颇,117,7736,1571138362.393337011337280,415.713745117187500,415.713745117187500,0.000000000000000,415.713745117187500,0.000000000000000,3215961.532226562500000
118,临沧市,118,32677,6636516063.589332580566406,415.713745117187500,417.316131591796875,1.602386474609375,417.290796645010062,0.186439254096462,13635811.361968994140625
119,玉溪市,119,73564,14940437240.318439483642578,417.078948974609375,417.316131591796875,0.237182617187500,417.250932487822581,0.105892821147842,30694647.597534179687500
120,思茅市,120,171773,34886136236.219062805175781,417.316131591796875,417.316131591796875,0.000000000000000,417.316131591796875,0.000000000000000,71683643.871917724609375
121,红河哈尼族彝,121,158212,32131972930.581005096435547,417.078948974609375,417.316131591796875,0.237182617187500,417.127782559951186,0.095897775404159,65994620.734375000000000
122,文山壮族苗族,122,154288,31335030462.376316070556641,416.278167724609375,417.078948974609375,0.800781250000000,416.829872622673406,0.370697712005577,64311847.387207031250000
123,西双版纳傣族,123,4821,979118154.743831157684326,417.316131591796875,417.316131591796875,0.000000000000000,417.316131591796875,0.000113175224328,2011881.070404052734375